<Qucs Dataset 0.0.20>
<indep time 100>
  +0.00000000000000000000e+00
  +1.01010101010101018687e-02
  +2.02020202020202037374e-02
  +3.03030303030303038714e-02
  +4.04040404040404074748e-02
  +5.05050505050505110782e-02
  +6.06060606060606077428e-02
  +7.07070707070707182851e-02
  +8.08080808080808149496e-02
  +9.09090909090909116141e-02
  +1.01010101010101022156e-01
  +1.11111111111111118821e-01
  +1.21212121212121215486e-01
  +1.31313131313131326028e-01
  +1.41414141414141436570e-01
  +1.51515151515151519357e-01
  +1.61616161616161629899e-01
  +1.71717171717171740442e-01
  +1.81818181818181823228e-01
  +1.91919191919191933771e-01
  +2.02020202020202044313e-01
  +2.12121212121212127100e-01
  +2.22222222222222237642e-01
  +2.32323232323232348184e-01
  +2.42424242424242430971e-01
  +2.52525252525252541513e-01
  +2.62626262626262652056e-01
  +2.72727272727272762598e-01
  +2.82828282828282873140e-01
  +2.92929292929292928171e-01
  +3.03030303030303038714e-01
  +3.13131313131313149256e-01
  +3.23232323232323259798e-01
  +3.33333333333333370341e-01
  +3.43434343434343480883e-01
  +3.53535353535353591425e-01
  +3.63636363636363646457e-01
  +3.73737373737373756999e-01
  +3.83838383838383867541e-01
  +3.93939393939393978084e-01
  +4.04040404040404088626e-01
  +4.14141414141414199168e-01
  +4.24242424242424254199e-01
  +4.34343434343434364742e-01
  +4.44444444444444475284e-01
  +4.54545454545454585826e-01
  +4.64646464646464696369e-01
  +4.74747474747474806911e-01
  +4.84848484848484861942e-01
  +4.94949494949494972484e-01
  +5.05050505050505083027e-01
  +5.15151515151515249080e-01
  +5.25252525252525304111e-01
  +5.35353535353535359143e-01
  +5.45454545454545525196e-01
  +5.55555555555555580227e-01
  +5.65656565656565746281e-01
  +5.75757575757575801312e-01
  +5.85858585858585856343e-01
  +5.95959595959596022396e-01
  +6.06060606060606077428e-01
  +6.16161616161616243481e-01
  +6.26262626262626298512e-01
  +6.36363636363636464566e-01
  +6.46464646464646519597e-01
  +6.56565656565656574628e-01
  +6.66666666666666740682e-01
  +6.76767676767676795713e-01
  +6.86868686868686961766e-01
  +6.96969696969697016797e-01
  +7.07070707070707182851e-01
  +7.17171717171717237882e-01
  +7.27272727272727292913e-01
  +7.37373737373737458967e-01
  +7.47474747474747513998e-01
  +7.57575757575757680051e-01
  +7.67676767676767735082e-01
  +7.77777777777777790114e-01
  +7.87878787878787956167e-01
  +7.97979797979798011198e-01
  +8.08080808080808177252e-01
  +8.18181818181818232283e-01
  +8.28282828282828398336e-01
  +8.38383838383838453368e-01
  +8.48484848484848508399e-01
  +8.58585858585858674452e-01
  +8.68686868686868729483e-01
  +8.78787878787878895537e-01
  +8.88888888888888950568e-01
  +8.98989898989899116621e-01
  +9.09090909090909171653e-01
  +9.19191919191919226684e-01
  +9.29292929292929392737e-01
  +9.39393939393939447768e-01
  +9.49494949494949613822e-01
  +9.59595959595959668853e-01
  +9.69696969696969723884e-01
  +9.79797979797979889938e-01
  +9.89898989898989944969e-01
  +1.00000000000000000000e+00
</indep>
<dep V1.It time>
  -2.02003880458551630939e-04
  -2.02003880458551630939e-04
  -2.02003880458551630939e-04
  -2.02003880458551630939e-04
  -2.02003880458551630939e-04
  -2.02003880458551630939e-04
  -2.02003880458551630939e-04
  -2.02003880458551630939e-04
  -2.02003880458551630939e-04
  -2.02003880458551630939e-04
  -2.02003880458551630939e-04
  -2.02003880458551630939e-04
  -2.02003880458551630939e-04
  -2.02003880458551630939e-04
  -5.20187887286440320961e-03
  -5.20187887407920230426e-03
  -5.20187887326405314081e-03
  -5.20187887441093260721e-03
  -5.20187887353877088936e-03
  -5.20187887463686559480e-03
  -5.20187887372217539622e-03
  -5.20187887478248088546e-03
  -5.20187887383356372534e-03
  -5.20187887486224260353e-03
  -5.20187887388349860796e-03
  -5.20187887488345046538e-03
  -5.20187887387644088549e-03
  -5.20187887484797623766e-03
  -5.20187887381177212903e-03
  -5.20187887475267399934e-03
  -5.20187887368365065727e-03
  -5.20187887458867671137e-03
  -5.20187887347965931956e-03
  -5.20187887433924515956e-03
  -5.20187887317761013528e-03
  -5.20187887397512063042e-03
  -5.20187887273881183203e-03
  -5.20187887344467081441e-03
  -5.20187887209338020722e-03
  -5.20187887265147370919e-03
  -5.20187887110493997478e-03
  -5.20187887139655566471e-03
  -5.20187886947157378942e-03
  -5.20187886919821432935e-03
  -5.20187886637215636532e-03
  -5.20187886452283618915e-03
  -5.20187885852426215583e-03
  -5.20187884849456893405e-03
  -5.20187880348762631683e-03
  -2.02025605068720405912e-04
  -2.01982155848381798868e-04
  -2.02025605068721463009e-04
  -2.01982155848381798868e-04
  -2.02025605068721463009e-04
  -2.01982155848381798868e-04
  -2.02025605068721463009e-04
  -2.01982155848381798868e-04
  -2.02025605068721463009e-04
  -2.01982155848381798868e-04
  -2.02025605068721463009e-04
  -2.01982155848381798868e-04
  -2.02025605068721463009e-04
  -2.01982155848381798868e-04
  -2.02025605068721463009e-04
  -2.01982155848381798868e-04
  -2.02025605068721463009e-04
  -2.01982155848381798868e-04
  -2.02025605068721463009e-04
  -2.01982155848381798868e-04
  -2.02025605068721463009e-04
  -2.01982155848381798868e-04
  -2.02025605068721463009e-04
  -2.01982155848381798868e-04
  -2.02025605068721463009e-04
  -2.01982155848381798868e-04
  -2.02025605068721463009e-04
  -2.01982155848381798868e-04
  -2.02025605068721463009e-04
  -2.01982155848381798868e-04
  -2.02025605068721463009e-04
  -2.01982155848381798868e-04
  -2.02025605068721463009e-04
  -2.01982155848381798868e-04
  -2.02025605068721463009e-04
  -2.01982155848381798868e-04
  -2.02025605068721463009e-04
  -2.01982155848381798868e-04
  -2.02025605068721463009e-04
  -2.01982155848381798868e-04
  -2.02025605068721463009e-04
  -2.01982155848381798868e-04
  -2.02025605068721463009e-04
  -2.01982155848381798868e-04
  -2.02025605068721463009e-04
  -2.01982155848381798868e-04
  -2.02025605068721463009e-04
  -2.01982155848381798868e-04
  -2.02025605068721463009e-04
  -2.01982155848381798868e-04
  -2.02025605068721463009e-04
</dep>
<dep V2.It time>
  -5.44547856779180198053e-05
  -5.45175208917750053804e-05
  -5.45799912538169374214e-05
  -5.46419413840280431688e-05
  -5.47031164144390436650e-05
  -5.47632620895342766914e-05
  -5.48221241213738214385e-05
  -5.48794459956750574911e-05
  -5.49349632439155043432e-05
  -5.49883886080036824720e-05
  -5.50393694794997699561e-05
  -5.50873373279031283700e-05
  -5.51307143191772294484e-05
  -5.51544163530376391072e-05
  +1.40823373264440078131e-05
  +1.40443229163409782554e-05
  +1.40095501692029749904e-05
  +1.39781602034970109892e-05
  +1.39502802529745749513e-05
  +1.39260232221900148069e-05
  +1.39054872782583110720e-05
  +1.38887554877511546479e-05
  +1.38758955047133874453e-05
  +1.38669593138889353154e-05
  +1.38619830320134244939e-05
  +1.38609867691183539107e-05
  +1.38639745510895054013e-05
  +1.38709343041497405692e-05
  +1.38818379013851348337e-05
  +1.38966412709307495107e-05
  +1.39152845648709225658e-05
  +1.39376923872691574227e-05
  +1.39637740789760566294e-05
  +1.39934240557801921453e-05
  +1.40265221949790956754e-05
  +1.40629342631020098214e-05
  +1.41025123737430714750e-05
  +1.41450954579463749120e-05
  +1.41905097178207210442e-05
  +1.42385690115207133577e-05
  +1.42890750720800339306e-05
  +1.43418173636062892872e-05
  +1.43965721461394147553e-05
  +1.44530997201894139239e-05
  +1.45111370657388828861e-05
  +1.45703770306039838086e-05
  +1.46303987520614575950e-05
  +1.46903449815103553412e-05
  +1.47457012752210414879e-05
  -5.44861704216327721005e-05
  -5.44233985830876274437e-05
  -5.43607448002050185802e-05
  -5.42984631755227576148e-05
  -5.42368058947153075587e-05
  -5.41760223256802019389e-05
  -5.41163580929969611371e-05
  -5.40580541440413586164e-05
  -5.40013458182930826748e-05
  -5.39464619285318579787e-05
  -5.38936238608634212224e-05
  -5.38430446993489239928e-05
  -5.37949283802367615595e-05
  -5.37494688802217751404e-05
  -5.37068494427154981318e-05
  -5.36672418457614344885e-05
  -5.36308057149078643878e-05
  -5.35976878840883902552e-05
  -5.35680218072755350012e-05
  -5.35419270234347626034e-05
  -5.35195086770453372534e-05
  -5.35008570962027939655e-05
  -5.34860474300708393968e-05
  -5.34751393471887684415e-05
  -5.34681767958850034808e-05
  -5.34651878277933210407e-05
  -5.34661844851945560137e-05
  -5.34711627526503088630e-05
  -5.34801025731323028583e-05
  -5.34929679285736723714e-05
  -5.35097069845156408669e-05
  -5.35302522982514478005e-05
  -5.35545210896031306921e-05
  -5.35824155732175376639e-05
  -5.36138233509916232577e-05
  -5.36486178629987862628e-05
  -5.36866588950174049733e-05
  -5.37277931405281174984e-05
  -5.37718548147766113652e-05
  -5.38186663182601350737e-05
  -5.38680389467305247909e-05
  -5.39197736445359225143e-05
  -5.39736617978285132492e-05
  -5.40294860638444409589e-05
  -5.40870212320570796526e-05
  -5.41460351125160911905e-05
  -5.42062894460211222190e-05
  -5.42675408298271851190e-05
  -5.43295416511691220624e-05
  -5.43920410186503330906e-05
  -5.44547856779180198053e-05
</dep>
<dep V3.It time>
  -5.44547856779180198053e-05
  -5.45175208917750053804e-05
  -5.45799912538169374214e-05
  -5.46419413840280431688e-05
  -5.47031164144390436650e-05
  -5.47632620895342766914e-05
  -5.48221241213738214385e-05
  -5.48794459956750574911e-05
  -5.49349632439155043432e-05
  -5.49883886080036824720e-05
  -5.50393694794997699561e-05
  -5.50873373279031283700e-05
  -5.51307143191772294484e-05
  -5.51544163530376391072e-05
  +1.40823373264440078131e-05
  +1.40443229163409782554e-05
  +1.40095501692029749904e-05
  +1.39781602034970109892e-05
  +1.39502802529745749513e-05
  +1.39260232221900148069e-05
  +1.39054872782583110720e-05
  +1.38887554877511546479e-05
  +1.38758955047133874453e-05
  +1.38669593138889353154e-05
  +1.38619830320134244939e-05
  +1.38609867691183539107e-05
  +1.38639745510895054013e-05
  +1.38709343041497405692e-05
  +1.38818379013851348337e-05
  +1.38966412709307495107e-05
  +1.39152845648709225658e-05
  +1.39376923872691574227e-05
  +1.39637740789760566294e-05
  +1.39934240557801921453e-05
  +1.40265221949790956754e-05
  +1.40629342631020098214e-05
  +1.41025123737430714750e-05
  +1.41450954579463749120e-05
  +1.41905097178207210442e-05
  +1.42385690115207133577e-05
  +1.42890750720800339306e-05
  +1.43418173636062892872e-05
  +1.43965721461394147553e-05
  +1.44530997201894139239e-05
  +1.45111370657388828861e-05
  +1.45703770306039838086e-05
  +1.46303987520614575950e-05
  +1.46903449815103553412e-05
  +1.47457012752210414879e-05
  -5.44861704216327721005e-05
  -5.44233985830876274437e-05
  -5.43607448002050185802e-05
  -5.42984631755227576148e-05
  -5.42368058947153075587e-05
  -5.41760223256802019389e-05
  -5.41163580929969611371e-05
  -5.40580541440413586164e-05
  -5.40013458182930826748e-05
  -5.39464619285318579787e-05
  -5.38936238608634212224e-05
  -5.38430446993489239928e-05
  -5.37949283802367615595e-05
  -5.37494688802217751404e-05
  -5.37068494427154981318e-05
  -5.36672418457614344885e-05
  -5.36308057149078643878e-05
  -5.35976878840883902552e-05
  -5.35680218072755350012e-05
  -5.35419270234347626034e-05
  -5.35195086770453372534e-05
  -5.35008570962027939655e-05
  -5.34860474300708393968e-05
  -5.34751393471887684415e-05
  -5.34681767958850034808e-05
  -5.34651878277933210407e-05
  -5.34661844851945560137e-05
  -5.34711627526503088630e-05
  -5.34801025731323028583e-05
  -5.34929679285736723714e-05
  -5.35097069845156408669e-05
  -5.35302522982514478005e-05
  -5.35545210896031306921e-05
  -5.35824155732175376639e-05
  -5.36138233509916232577e-05
  -5.36486178629987862628e-05
  -5.36866588950174049733e-05
  -5.37277931405281174984e-05
  -5.37718548147766113652e-05
  -5.38186663182601350737e-05
  -5.38680389467305247909e-05
  -5.39197736445359225143e-05
  -5.39736617978285132492e-05
  -5.40294860638444409589e-05
  -5.40870212320570796526e-05
  -5.41460351125160911905e-05
  -5.42062894460211222190e-05
  -5.42675408298271851190e-05
  -5.43295416511691220624e-05
  -5.43920410186503330906e-05
  -5.44547856779180198053e-05
</dep>
<dep Ug.Vt time>
  -3.49993335346971834454e+00
  -3.49992721810361784307e+00
  -3.49991987127815740166e+00
  -3.49991095535076279788e+00
  -3.49989995914025087131e+00
  -3.49988612647312402615e+00
  -3.49986829069268878811e+00
  -3.49984455435426955461e+00
  -3.49981161402540008609e+00
  -3.49976316766283268578e+00
  -3.49968552452401482356e+00
  -3.49954230914959518728e+00
  -3.49919424508878318392e+00
  -3.49713688079251339147e+00
  +3.49993143553761187903e+00
  +3.49993349061787561993e+00
  +3.49993782922208263031e+00
  +3.49993879776044192198e+00
  +3.49994222422338641110e+00
  +3.49994241233027914006e+00
  +3.49994515838591402357e+00
  +3.49994474195787663717e+00
  +3.49994694041458087597e+00
  +3.49994601801162286137e+00
  +3.49994773928886182546e+00
  +3.49994635731114289712e+00
  +3.49994762639235013069e+00
  +3.49994578977015802224e+00
  +3.49994659179841116625e+00
  +3.49994426508306499812e+00
  +3.49994454206034966148e+00
  +3.49994164138777286155e+00
  +3.49994127854255099308e+00
  +3.49993765087547181736e+00
  +3.49993644629310507455e+00
  +3.49993182548973136292e+00
  +3.49992942632012304927e+00
  +3.49992333925389198512e+00
  +3.49991910068808742551e+00
  +3.49991064964918008329e+00
  +3.49990328780285242516e+00
  +3.49989057374521328470e+00
  +3.49987715806917787376e+00
  +3.49985540614346124499e+00
  +3.49982757710845371335e+00
  +3.49978061663891937272e+00
  +3.49970204637305704054e+00
  +3.49952426359382640086e+00
  +3.49882215226411874553e+00
  -3.49993114426302831532e+00
  -3.49993532521397110457e+00
  -3.49994155417879726500e+00
  -3.49994419529750100395e+00
  -3.49994917367254787521e+00
  -3.49995078555022764988e+00
  -3.49995490675283305038e+00
  -3.49995579706127202257e+00
  -3.49995930484788653203e+00
  -3.49995966891152399114e+00
  -3.49996272136099406680e+00
  -3.49996268822878775495e+00
  -3.49996539148299845579e+00
  -3.49996504901281513256e+00
  -3.49996747617714554224e+00
  -3.49996688544757006412e+00
  -3.49996908769656966953e+00
  -3.49996829164398715051e+00
  -3.49997030499130623582e+00
  -3.49996933375003527189e+00
  -3.49997118328036771473e+00
  -3.49997005754518397680e+00
  -3.49997176008591992513e+00
  -3.49997049322687114881e+00
  -3.49997205900679819734e+00
  -3.49997065834730003431e+00
  -3.49997209195015290817e+00
  -3.49997055943663637478e+00
  -3.49997186021473982720e+00
  -3.49997019259112773781e+00
  -3.49997135460760100401e+00
  -3.49996954312278818477e+00
  -3.49997055461246153740e+00
  -3.49996858421267020844e+00
  -3.49996942647215636413e+00
  -3.49996727434085563857e+00
  -3.49996791985292388105e+00
  -3.49996555303211653865e+00
  -3.49996596246762825544e+00
  -3.49996333408599058501e+00
  -3.49996345155218513412e+00
  -3.49996049481675131076e+00
  -3.49996024021757756728e+00
  -3.49995685863033134666e+00
  -3.49995611503065084946e+00
  -3.49995216590714752769e+00
  -3.49995075779303466135e+00
  -3.49994602322180892173e+00
  -3.49994367715218723802e+00
  -3.49993780982258728685e+00
  -3.49993407849646454011e+00
</dep>
<dep Uout.Vt time>
  +4.99999999801591510362e+00
  +4.99999999801591510362e+00
  +4.99999999801591510362e+00
  +4.99999999801591510362e+00
  +4.99999999801591510362e+00
  +4.99999999801591510362e+00
  +4.99999999801591510362e+00
  +4.99999999801591510362e+00
  +4.99999999801591510362e+00
  +4.99999999801591510362e+00
  +4.99999999801591510362e+00
  +4.99999999801591510362e+00
  +4.99999999801591510362e+00
  +4.99999999801591510362e+00
  +1.25005610064113077771e-04
  +1.25004395264867614306e-04
  +1.25005210413487902838e-04
  +1.25004063534202162003e-04
  +1.25004935696218191137e-04
  +1.25003837601264574395e-04
  +1.25004752291912207308e-04
  +1.25003691985585337629e-04
  +1.25004640903754042939e-04
  +1.25003612224726368650e-04
  +1.25004590969080486493e-04
  +1.25003591016529060943e-04
  +1.25004598025821393173e-04
  +1.25003626491151351207e-04
  +1.25004662694473445443e-04
  +1.25003721793088781213e-04
  +1.25004790816238758400e-04
  +1.25003885789862217862e-04
  +1.25004994807558416975e-04
  +1.25004135221764135864e-04
  +1.25005296856142911676e-04
  +1.25004499346484691455e-04
  +1.25005735654986282427e-04
  +1.25005029795541088662e-04
  +1.25006381086914156826e-04
  +1.25005822992931697746e-04
  +1.25007369527560356637e-04
  +1.25007077911104221880e-04
  +1.25009002893778026558e-04
  +1.25009276252050134139e-04
  +1.25012102310459178710e-04
  +1.25013951631170936157e-04
  +1.25019950204540922093e-04
  +1.25029979898611741081e-04
  +1.25074986840951595662e-04
  +4.99997827340574652055e+00
  +5.00002172262608546305e+00
  +4.99997827340574563237e+00
  +5.00002172262608546305e+00
  +4.99997827340574563237e+00
  +5.00002172262608546305e+00
  +4.99997827340574563237e+00
  +5.00002172262608546305e+00
  +4.99997827340574563237e+00
  +5.00002172262608546305e+00
  +4.99997827340574563237e+00
  +5.00002172262608546305e+00
  +4.99997827340574563237e+00
  +5.00002172262608546305e+00
  +4.99997827340574563237e+00
  +5.00002172262608546305e+00
  +4.99997827340574563237e+00
  +5.00002172262608546305e+00
  +4.99997827340574563237e+00
  +5.00002172262608546305e+00
  +4.99997827340574563237e+00
  +5.00002172262608546305e+00
  +4.99997827340574563237e+00
  +5.00002172262608546305e+00
  +4.99997827340574563237e+00
  +5.00002172262608546305e+00
  +4.99997827340574563237e+00
  +5.00002172262608546305e+00
  +4.99997827340574563237e+00
  +5.00002172262608546305e+00
  +4.99997827340574563237e+00
  +5.00002172262608546305e+00
  +4.99997827340574563237e+00
  +5.00002172262608546305e+00
  +4.99997827340574563237e+00
  +5.00002172262608546305e+00
  +4.99997827340574563237e+00
  +5.00002172262608546305e+00
  +4.99997827340574563237e+00
  +5.00002172262608546305e+00
  +4.99997827340574563237e+00
  +5.00002172262608546305e+00
  +4.99997827340574563237e+00
  +5.00002172262608546305e+00
  +4.99997827340574563237e+00
  +5.00002172262608546305e+00
  +4.99997827340574563237e+00
  +5.00002172262608546305e+00
  +4.99997827340574563237e+00
  +5.00002172262608546305e+00
  +4.99997827340574563237e+00
</dep>
<dep _net0.Vt time>
  +5.00000000000000000000e+00
  +5.00000000000000000000e+00
  +5.00000000000000000000e+00
  +5.00000000000000000000e+00
  +5.00000000000000000000e+00
  +5.00000000000000000000e+00
  +5.00000000000000000000e+00
  +5.00000000000000000000e+00
  +5.00000000000000000000e+00
  +5.00000000000000000000e+00
  +5.00000000000000000000e+00
  +5.00000000000000000000e+00
  +5.00000000000000000000e+00
  +5.00000000000000000000e+00
  +5.00000000000000000000e+00
  +5.00000000000000000000e+00
  +5.00000000000000000000e+00
  +5.00000000000000000000e+00
  +5.00000000000000000000e+00
  +5.00000000000000000000e+00
  +5.00000000000000000000e+00
  +5.00000000000000000000e+00
  +5.00000000000000000000e+00
  +5.00000000000000000000e+00
  +5.00000000000000000000e+00
  +5.00000000000000000000e+00
  +5.00000000000000000000e+00
  +5.00000000000000000000e+00
  +5.00000000000000000000e+00
  +5.00000000000000000000e+00
  +5.00000000000000000000e+00
  +5.00000000000000000000e+00
  +5.00000000000000000000e+00
  +5.00000000000000000000e+00
  +5.00000000000000000000e+00
  +5.00000000000000000000e+00
  +5.00000000000000000000e+00
  +5.00000000000000000000e+00
  +5.00000000000000000000e+00
  +5.00000000000000000000e+00
  +5.00000000000000000000e+00
  +5.00000000000000000000e+00
  +5.00000000000000000000e+00
  +5.00000000000000000000e+00
  +5.00000000000000000000e+00
  +5.00000000000000000000e+00
  +5.00000000000000000000e+00
  +5.00000000000000000000e+00
  +5.00000000000000000000e+00
  +5.00000000000000000000e+00
  +5.00000000000000000000e+00
  +5.00000000000000000000e+00
  +5.00000000000000000000e+00
  +5.00000000000000000000e+00
  +5.00000000000000000000e+00
  +5.00000000000000000000e+00
  +5.00000000000000000000e+00
  +5.00000000000000000000e+00
  +5.00000000000000000000e+00
  +5.00000000000000000000e+00
  +5.00000000000000000000e+00
  +5.00000000000000000000e+00
  +5.00000000000000000000e+00
  +5.00000000000000000000e+00
  +5.00000000000000000000e+00
  +5.00000000000000000000e+00
  +5.00000000000000000000e+00
  +5.00000000000000000000e+00
  +5.00000000000000000000e+00
  +5.00000000000000000000e+00
  +5.00000000000000000000e+00
  +5.00000000000000000000e+00
  +5.00000000000000000000e+00
  +5.00000000000000000000e+00
  +5.00000000000000000000e+00
  +5.00000000000000000000e+00
  +5.00000000000000000000e+00
  +5.00000000000000000000e+00
  +5.00000000000000000000e+00
  +5.00000000000000000000e+00
  +5.00000000000000000000e+00
  +5.00000000000000000000e+00
  +5.00000000000000000000e+00
  +5.00000000000000000000e+00
  +5.00000000000000000000e+00
  +5.00000000000000000000e+00
  +5.00000000000000000000e+00
  +5.00000000000000000000e+00
  +5.00000000000000000000e+00
  +5.00000000000000000000e+00
  +5.00000000000000000000e+00
  +5.00000000000000000000e+00
  +5.00000000000000000000e+00
  +5.00000000000000000000e+00
  +5.00000000000000000000e+00
  +5.00000000000000000000e+00
  +5.00000000000000000000e+00
  +5.00000000000000000000e+00
  +5.00000000000000000000e+00
  +5.00000000000000000000e+00
</dep>
<dep _net3.Vt time>
  -3.49993335346971834454e+00
  -3.49992721810361695489e+00
  -3.49991987127815606939e+00
  -3.49991095535076146561e+00
  -3.49989995914024909496e+00
  -3.49988612647312180570e+00
  -3.49986829069268612358e+00
  -3.49984455435426555781e+00
  -3.49981161402539386884e+00
  -3.49976316766282335990e+00
  -3.49968552452399883634e+00
  -3.49954230914956321286e+00
  -3.49919424508868681656e+00
  -3.49713688079105722295e+00
  +3.49993071640000197320e+00
  +3.49993420975548197305e+00
  +3.49993711008448338262e+00
  +3.49993951689799320803e+00
  +3.49994150508588308668e+00
  +3.49994313146773405876e+00
  +3.49994443924850662242e+00
  +3.49994546109523563260e+00
  +3.49994622127726939809e+00
  +3.49994673714888548943e+00
  +3.49994702015164671494e+00
  +3.49994707644830915783e+00
  +3.49994690725523094343e+00
  +3.49994650890722835967e+00
  +3.49994587266138790227e+00
  +3.49994498422003896820e+00
  +3.49994382292342232077e+00
  +3.49994236052465090836e+00
  +3.49994055940571957564e+00
  +3.49993837001225349681e+00
  +3.49993572715637002446e+00
  +3.49993254462641623093e+00
  +3.49992870718348392245e+00
  +3.49992405839048048577e+00
  +3.49991838155154422196e+00
  +3.49991136878567221657e+00
  +3.49990256866640470079e+00
  +3.49989129288160860654e+00
  +3.49987643893282518448e+00
  +3.49985612527975886721e+00
  +3.49982685797219428281e+00
  +3.49978133577511529850e+00
  +3.49970132723688154286e+00
  +3.49952498272988865580e+00
  +3.49882143312773541410e+00
  -3.49993041923509506930e+00
  -3.49993605024166187789e+00
  -3.49994082915111359711e+00
  -3.49994492032513804247e+00
  -3.49994844864491705394e+00
  -3.49995151057785403026e+00
  -3.49995418172525640799e+00
  -3.49995652208884511225e+00
  -3.49995857982032010369e+00
  -3.49996039393904334602e+00
  -3.49996199633348048508e+00
  -3.49996341325629645169e+00
  -3.49996466645553905295e+00
  -3.49996577404027053859e+00
  -3.49996675114969590936e+00
  -3.49996761047497173536e+00
  -3.49996836266917332736e+00
  -3.49996901667137860770e+00
  -3.49996957996396407253e+00
  -3.49997005877737343837e+00
  -3.49997045825303532141e+00
  -3.49997078257246840849e+00
  -3.49997103505864037842e+00
  -3.49997121825414492235e+00
  -3.49997133397957327361e+00
  -3.49997138337452051715e+00
  -3.49997136692293775440e+00
  -3.49997128446380312283e+00
  -3.49997113518757752004e+00
  -3.49997091761828382772e+00
  -3.49997062958049331982e+00
  -3.49997026814989142807e+00
  -3.49996982958536406727e+00
  -3.49996930923971971694e+00
  -3.49996870144511174061e+00
  -3.49996799936789448893e+00
  -3.49996719482593388051e+00
  -3.49996627805910254239e+00
  -3.49996523744064802486e+00
  -3.49996405911292240987e+00
  -3.49996272652525775015e+00
  -3.49996121984367292157e+00
  -3.49995951519070436220e+00
  -3.49995758365719966676e+00
  -3.49995539000378785843e+00
  -3.49995289093396166891e+00
  -3.49995003276622407284e+00
  -3.49994674824861284890e+00
  -3.49994295212543127249e+00
  -3.49993853484933747922e+00
  -3.49993335346971834454e+00
</dep>
<dep _net2.Vt time>
  +1.94554521432208193943e+00
  +1.95182487107388125125e+00
  +1.95807925410355787577e+00
  +1.96428318305201288219e+00
  +1.97041168230366858793e+00
  +1.97644008248031433084e+00
  +1.98234412144465910188e+00
  +1.98810004521324201754e+00
  +1.99368471036613148506e+00
  +1.99907569313755573148e+00
  +2.00425142342596451783e+00
  +2.00919142364075087315e+00
  +2.01387718682903349432e+00
  +2.01830475451271507126e+00
  +2.09169698375561941006e+00
  +2.09550191812137498459e+00
  +2.09898209316415407244e+00
  +2.10212349654825514378e+00
  +2.10491347978842613387e+00
  +2.10734080924870115226e+00
  +2.10939571142266535375e+00
  +2.11106991232010532400e+00
  +2.11235667080593447764e+00
  +2.11325080576001411714e+00
  +2.11374871695031441021e+00
  +2.11384839953650560673e+00
  +2.11354945214628386907e+00
  +2.11285307849224324173e+00
  +2.11176208252286290445e+00
  +2.11028085712692492493e+00
  +2.10841536643633764569e+00
  +2.10617312179772753211e+00
  +2.10356315150810946335e+00
  +2.10059596443422380574e+00
  +2.09728350765845616976e+00
  +2.09363911831618532133e+00
  +2.08967746980916890820e+00
  +2.08541451259583254796e+00
  +2.08086740976944994941e+00
  +2.07605446763358125750e+00
  +2.07099506145835743354e+00
  +2.06570955652094667698e+00
  +2.06021922431887993810e+00
  +2.05454615326085043847e+00
  +2.04871315139830567631e+00
  +2.04274363271474701520e+00
  +2.03666145203071558001e+00
  +2.03049048457884540042e+00
  +2.02425130560563948379e+00
  +1.94868662292817429460e+00
  +1.94240380806710577488e+00
  +1.93613365086937694315e+00
  +1.92990139722714171278e+00
  +1.92373214082663035462e+00
  +1.91765072199017683197e+00
  +1.91168162757443593769e+00
  +1.90584889231529741593e+00
  +1.90017600200896574769e+00
  +1.89468579891412747251e+00
  +1.88940038975285951039e+00
  +1.88434105667859053135e+00
  +1.87952817156813400956e+00
  +1.87498111398189215571e+00
  +1.87071819312185860795e+00
  +1.86675657410115536372e+00
  +1.86311220882161499013e+00
  +1.85979977173746768848e+00
  +1.85683260076359113455e+00
  +1.85422264356610710934e+00
  +1.85198040945148778569e+00
  +1.85011492704780300400e+00
  +1.84863370794845116585e+00
  +1.84754271646471779356e+00
  +1.84684634560892058097e+00
  +1.84654739940481915639e+00
  +1.84664708159650481356e+00
  +1.84714499080122429575e+00
  +1.84803912212564669382e+00
  +1.84932587523907221438e+00
  +1.85100006887107704223e+00
  +1.85305496167523808815e+00
  +1.85548227937494503159e+00
  +1.85827224808202418060e+00
  +1.86141363365405676511e+00
  +1.86489378693196772296e+00
  +1.86869869467580707045e+00
  +1.87281303599371851121e+00
  +1.87722024403701204243e+00
  +1.88190257271308603038e+00
  +1.88684116814780544757e+00
  +1.89201614460990441557e+00
  +1.89740666459212481421e+00
  +1.90299102272723841267e+00
  +1.90874673320191012849e+00
  +1.91465062031763544326e+00
  +1.92067891183587113879e+00
  +1.92680733473413123846e+00
  +1.93301121299145606258e+00
  +1.93926556701569308139e+00
  +1.94554521432208193943e+00
</dep>
<dep Uin.Vt time>
  +2.00000000000000000000e+00
  +2.00634239196565644647e+00
  +2.01265924535737505963e+00
  +2.01892512443604088546e+00
  +2.02511479871810795572e+00
  +2.03120334456984874549e+00
  +2.03716624556603287388e+00
  +2.04297949120891697561e+00
  +2.04861967361004682076e+00
  +2.05406408174555954460e+00
  +2.05929079290546424019e+00
  +2.06427876096865414723e+00
  +2.06900790114821120369e+00
  +2.07345917086575326493e+00
  +2.07761464642917559331e+00
  +2.08145759520503359497e+00
  +2.08497254299495127228e+00
  +2.08814533634475818502e+00
  +2.09096319953545162207e+00
  +2.09341478602651065444e+00
  +2.09549022414440733186e+00
  +2.09718115683235417634e+00
  +2.09848077530122090195e+00
  +2.09938384644612519025e+00
  +2.09988673391830094062e+00
  +2.09998741276738742911e+00
  +2.09968547759519408302e+00
  +2.09898214418809336834e+00
  +2.09788024462147770777e+00
  +2.09638421585599399322e+00
  +2.09450008187146696770e+00
  +2.09223542941045792531e+00
  +2.08959937742913348657e+00
  +2.08660254037844383745e+00
  +2.08325698546347704010e+00
  +2.07957618405308330978e+00
  +2.07557495743542563815e+00
  +2.07126941713788648158e+00
  +2.06667690005162896227e+00
  +2.06181589862206049446e+00
  +2.05670598638627710741e+00
  +2.05136773915734060836e+00
  +2.04582265217274095193e+00
  +2.04009305354066139415e+00
  +2.03420201433256675472e+00
  +2.02817325568414297265e+00
  +2.02203105327865406693e+00
  +2.01580013959733506113e+00
  +2.00950560433041847119e+00
  +2.00317279334980691274e+00
  +1.99682720665019330930e+00
  +1.99049439566958175085e+00
  +1.98419986040266493887e+00
  +1.97796894672134593307e+00
  +1.97182674431585702735e+00
  +1.96579798566743324528e+00
  +1.95990694645933860585e+00
  +1.95417734782725882603e+00
  +1.94863226084265939164e+00
  +1.94329401361372289259e+00
  +1.93818410137793950554e+00
  +1.93332309994837081568e+00
  +1.92873058286211374046e+00
  +1.92442504256457413980e+00
  +1.92042381594691669022e+00
  +1.91674301453652295990e+00
  +1.91339745962155616255e+00
  +1.91040062257086651343e+00
  +1.90776457058954185264e+00
  +1.90549991812853325435e+00
  +1.90361578414400578474e+00
  +1.90211975537852207019e+00
  +1.90101785581190663166e+00
  +1.90031452240480569493e+00
  +1.90001258723261257089e+00
  +1.90011326608169928143e+00
  +1.90061615355387458770e+00
  +1.90151922469877909805e+00
  +1.90281884316764582366e+00
  +1.90450977585559266814e+00
  +1.90658521397348934556e+00
  +1.90903680046454815589e+00
  +1.91185466365524181498e+00
  +1.91502745700504850568e+00
  +1.91854240479496640503e+00
  +1.92238535357082440669e+00
  +1.92654082913424673507e+00
  +1.93099209885178879631e+00
  +1.93572123903134607481e+00
  +1.94070920709453598185e+00
  +1.94593591825444023335e+00
  +1.95138032638995317924e+00
  +1.95702050879108280235e+00
  +1.96283375443396734816e+00
  +1.96879665543015147655e+00
  +1.97488520128189204428e+00
  +1.98107487556395889250e+00
  +1.98734075464262516242e+00
  +1.99365760803434355353e+00
  +2.00000000000000000000e+00
</dep>
<dep Uth.Vt time>
  +2.02003878474466702642e+00
  +2.02003878474466702642e+00
  +2.02003878474466702642e+00
  +2.02003878474466702642e+00
  +2.02003878474466702642e+00
  +2.02003878474466702642e+00
  +2.02003878474466702642e+00
  +2.02003878474466702642e+00
  +2.02003878474466702642e+00
  +2.02003878474466702642e+00
  +2.02003878474466702642e+00
  +2.02003878474466702642e+00
  +2.02003878474466702642e+00
  +2.02003878474466702642e+00
  +2.02003878474466702642e+00
  +2.02003878474466702642e+00
  +2.02003878474466702642e+00
  +2.02003878474466702642e+00
  +2.02003878474466702642e+00
  +2.02003878474466702642e+00
  +2.02003878474466702642e+00
  +2.02003878474466702642e+00
  +2.02003878474466702642e+00
  +2.02003878474466702642e+00
  +2.02003878474466702642e+00
  +2.02003878474466702642e+00
  +2.02003878474466702642e+00
  +2.02003878474466702642e+00
  +2.02003878474466702642e+00
  +2.02003878474466702642e+00
  +2.02003878474466702642e+00
  +2.02003878474466702642e+00
  +2.02003878474466702642e+00
  +2.02003878474466702642e+00
  +2.02003878474466702642e+00
  +2.02003878474466702642e+00
  +2.02003878474466702642e+00
  +2.02003878474466702642e+00
  +2.02003878474466702642e+00
  +2.02003878474466702642e+00
  +2.02003878474466702642e+00
  +2.02003878474466702642e+00
  +2.02003878474466702642e+00
  +2.02003878474466702642e+00
  +2.02003878474466702642e+00
  +2.02003878474466702642e+00
  +2.02003878474466702642e+00
  +2.02003878474466702642e+00
  +2.02003878474466702642e+00
  +2.02003878474466702642e+00
  +2.02003878474466702642e+00
  +2.02003878474466702642e+00
  +2.02003878474466702642e+00
  +2.02003878474466702642e+00
  +2.02003878474466702642e+00
  +2.02003878474466702642e+00
  +2.02003878474466702642e+00
  +2.02003878474466702642e+00
  +2.02003878474466702642e+00
  +2.02003878474466702642e+00
  +2.02003878474466702642e+00
  +2.02003878474466702642e+00
  +2.02003878474466702642e+00
  +2.02003878474466702642e+00
  +2.02003878474466702642e+00
  +2.02003878474466702642e+00
  +2.02003878474466702642e+00
  +2.02003878474466702642e+00
  +2.02003878474466702642e+00
  +2.02003878474466702642e+00
  +2.02003878474466702642e+00
  +2.02003878474466702642e+00
  +2.02003878474466702642e+00
  +2.02003878474466702642e+00
  +2.02003878474466702642e+00
  +2.02003878474466702642e+00
  +2.02003878474466702642e+00
  +2.02003878474466702642e+00
  +2.02003878474466702642e+00
  +2.02003878474466702642e+00
  +2.02003878474466702642e+00
  +2.02003878474466702642e+00
  +2.02003878474466702642e+00
  +2.02003878474466702642e+00
  +2.02003878474466702642e+00
  +2.02003878474466702642e+00
  +2.02003878474466702642e+00
  +2.02003878474466702642e+00
  +2.02003878474466702642e+00
  +2.02003878474466702642e+00
  +2.02003878474466702642e+00
  +2.02003878474466702642e+00
  +2.02003878474466702642e+00
  +2.02003878474466702642e+00
  +2.02003878474466702642e+00
  +2.02003878474466702642e+00
  +2.02003878474466702642e+00
  +2.02003878474466702642e+00
  +2.02003878474466702642e+00
  +2.02003878474466702642e+00
</dep>
<dep _net1.Vt time>
  +2.00000000000000000000e+00
  +2.00000000000000000000e+00
  +2.00000000000000000000e+00
  +1.99999999999999977796e+00
  +2.00000000000000000000e+00
  +2.00000000000000000000e+00
  +2.00000000000000000000e+00
  +1.99999999999999977796e+00
  +2.00000000000000000000e+00
  +1.99999999999999977796e+00
  +2.00000000000000000000e+00
  +2.00000000000000000000e+00
  +2.00000000000000000000e+00
  +2.00000000000000000000e+00
  +2.00000000000000000000e+00
  +2.00000000000000000000e+00
  +1.99999999999999977796e+00
  +2.00000000000000000000e+00
  +1.99999999999999977796e+00
  +2.00000000000000000000e+00
  +2.00000000000000000000e+00
  +2.00000000000000000000e+00
  +2.00000000000000000000e+00
  +1.99999999999999977796e+00
  +2.00000000000000000000e+00
  +2.00000000000000000000e+00
  +1.99999999999999977796e+00
  +2.00000000000000000000e+00
  +1.99999999999999977796e+00
  +1.99999999999999977796e+00
  +2.00000000000000000000e+00
  +1.99999999999999977796e+00
  +2.00000000000000000000e+00
  +2.00000000000000000000e+00
  +2.00000000000000000000e+00
  +2.00000000000000000000e+00
  +1.99999999999999977796e+00
  +2.00000000000000000000e+00
  +1.99999999999999977796e+00
  +2.00000000000000000000e+00
  +2.00000000000000000000e+00
  +2.00000000000000000000e+00
  +2.00000000000000000000e+00
  +2.00000000000000000000e+00
  +2.00000000000000000000e+00
  +2.00000000000000000000e+00
  +2.00000000000000000000e+00
  +2.00000000000000000000e+00
  +2.00000000000000000000e+00
  +2.00000000000000000000e+00
  +2.00000000000000000000e+00
  +2.00000000000000000000e+00
  +2.00000000000000000000e+00
  +2.00000000000000000000e+00
  +2.00000000000000000000e+00
  +2.00000000000000000000e+00
  +2.00000000000000000000e+00
  +2.00000000000000000000e+00
  +2.00000000000000000000e+00
  +2.00000000000000000000e+00
  +2.00000000000000000000e+00
  +2.00000000000000000000e+00
  +2.00000000000000000000e+00
  +2.00000000000000000000e+00
  +2.00000000000000000000e+00
  +2.00000000000000000000e+00
  +2.00000000000000000000e+00
  +2.00000000000000000000e+00
  +2.00000000000000000000e+00
  +2.00000000000000000000e+00
  +2.00000000000000000000e+00
  +2.00000000000000000000e+00
  +2.00000000000000000000e+00
  +2.00000000000000000000e+00
  +2.00000000000000000000e+00
  +2.00000000000000000000e+00
  +2.00000000000000000000e+00
  +2.00000000000000000000e+00
  +2.00000000000000000000e+00
  +2.00000000000000000000e+00
  +2.00000000000000000000e+00
  +2.00000000000000000000e+00
  +2.00000000000000000000e+00
  +2.00000000000000000000e+00
  +2.00000000000000000000e+00
  +2.00000000000000000000e+00
  +2.00000000000000000000e+00
  +2.00000000000000000000e+00
  +2.00000000000000000000e+00
  +2.00000000000000000000e+00
  +2.00000000000000000000e+00
  +2.00000000000000000000e+00
  +2.00000000000000000000e+00
  +2.00000000000000000000e+00
  +2.00000000000000000000e+00
  +2.00000000000000000000e+00
  +2.00000000000000000000e+00
  +2.00000000000000000000e+00
  +2.00000000000000000000e+00
  +2.00000000000000000000e+00
</dep>
<indep V1.I 1>
  -2.02003880458551630939e-04
</indep>
<indep V2.I 1>
  -5.44547856779180198053e-05
</indep>
<indep V3.I 1>
  -5.44547856779180198053e-05
</indep>
<indep Ug.V 1>
  -3.49993335346971790045e+00
</indep>
<indep Uout.V 1>
  +4.99999999801591510362e+00
</indep>
<indep _net0.V 1>
  +5.00000000000000000000e+00
</indep>
<indep _net3.V 1>
  -3.49993335346971790045e+00
</indep>
<indep _net2.V 1>
  +1.94554521432208193943e+00
</indep>
<indep Uin.V 1>
  +2.00000000000000000000e+00
</indep>
<indep Uth.V 1>
  +2.02003878474466702642e+00
</indep>
<indep _net1.V 1>
  +2.00000000000000000000e+00
</indep>
